1075375731
1069342838
1069340228
1069322663
1069270979
1069252851
1069212463
1069192260
1069185255
1069145833
1069137536
1069083169
1069072292
1078791002
1078715014
1078706306
1064102433
1065562532
1078499299
1078391322
1078304730
1077986231
1077856462
1068004987
1077513912
1077125303
1077020663
1066711514
1066276057
1066240015
1066156912
1066111816
1076416961
1076131143
1076117118
1075762564
1065670893
1065635938
1065572473
1065053894
1075209253
1075190778
1075108762
1074916252
1074476981
1074380520
1074269539
1074247857
1064310834
1064136779
1063938018
1063833888
1063712216
1074129949
1074113993
1073972438
1073861428
1073847447
1073838257
1073828966
1073810054
1073721605
1073493148
1073418144
1073332239
1073191350
1063199873
1062257493
1072894617
1072684365
1072372395
1072159226
1072038885
1071307334
1071062227
1070842412
1070826232
1070567285
1059801167
1070395862
1070334042
1070080838
1069985702
1069921257
1069860391
1069813127
1069755693
1069576196
1069454515
1069258762
1069169130
1069146731
1057720610
1066156954
1065711562
1062662579
1055168337