1085040615
1084967436
1084961134
1084920892
1084877302
1084782512
1084781861
1084713338
1084703882
1084699120
1084562974
1075259235
1074511233
1074384744
1084509090
1084476719
1084414409
1084412417
1084407609
1084383814
1084307745
1084197212
1084162661
1084074454
1084071695
1084057052
1084021660
1083970266
1083884975
1083863900
1083836777
1083656095
1083617939
1083576296
1083569026
1083413850
1083218638
1083202135
1083184763
1083163717
1083151891
1083137229
1082985434
1082941257
1082939856
1082833590
1082780314
1075215707
1081471413
1077994255
1070447303
1071525947
1082618709
1082453368
1081074492
1071240116
1069972623
1070102753
1068371682
1078806975
1078204434
1078029628
1070906809
1077784511
1077129761
1075947347
1065172824
1067124088
1069792236
1071559439
1071563288
1071328070
1066580918