1078408025
1070437871
1070119592
1070039788
1079250499
1072677414
1069403752
1069391006
1069361728
1069323465
1069230549
1069202499
1069166937
1068929466
1068923501
1068712406
1068698009
1068659831
1068452698
1078516017
1078104826
1078071069
1078034581
1076195768
1075003940
1074821712
1074691077
1074365465
1074304671
1074270041
1072307742
1071995155
1079990423
1080219709
1070337683
1070668876
1078931068
1078737759
1078397692
1078334999
1077248473
1076806324
1066802823
1066722594
1066161478
1065974295
1076273173
1063755122
1065355130
1074960163
1064777726
1073910388
1073492683
1073418046
1072656066
1072227744
1060687091
1060571061
1060381632
1060473956
1059714683
1058552734
1065638402
1065619499
1079845503
1080312447
1080063532
1079963712
1069136915
1077824455
1076564607
1075360055
1074644831
1071738900
1079684259
1069412860
1080200996
1079832484
1080066379
1079862879
1079814469
1078935515