1081959312
1082063789
1081071904
1081702303
1076173375
1082438385
1081636380
1081354115
1080716610
1080400163
1079262819
1076154814
1079901814
1078797898
1077994255
1075599285
1075271526
1081471413
1082140840
1082011893
1078651447
1074748288
1074378240
1073801960
1077581759
1071080412
1069649766
1065608593
1074768414
1081729458
1081708522
1071525947
1081813985
1081660593
1082004067
1082458225
1082402823
1073983730
1077801240
1077896737
1061531073
1067372921
1068039123
1077712051
1076809712
1076350524
1074105795
1075629552
1074181765
1076724275
1068429283
1077729118
1072382749
1074556765
1071105101
1069671491
1077199949
1052762470
1077635659
1082568125
1082244560
1082275458
1076410302
1070447303
1077868151
1077770585
1077635818
1077559855
1077243997
1076781481
1076448285
1076408649
1076402172
1076399145
1075893816
1075377321
1075307710
1075215707
1074958922
1074817959
1074744501
1074484972
1074154737
1073950469
1073793530
1073615635
1073544247
1070552891
1080939212
1080090675
1070234781
1077747313
1077488548
1077191662